000003
000005
000013
000015
000019
000021
000027
000031
000035
000037
000039
000045
000049
000054
000059
000065
000067
000071
000075
000079
000083
000089
000097
000101
000105
000107
000114
000118
000122
000123
000127
000133
000139
000142
000151
000152
000155
000161
000176
000183
000248
000251
000262
000267
000269
000274
000279
000290
000296
000300
000304
000322
000329
000405
000420
000432
000487
000489
000496
000514
000531
000599
000603
000605
000632
000634
000643
000692
000696
000708
000716
000721
000735
000001
000002
000004
000006
000007
000008
000009
000010
000011
000012
000014
000016
000017
000018
000020
000022
000023
000024
000025
000026
000028
000029
000030
000032
000033
000034
000036
000038
000040
000041
000042
000043
000044
000046
000047
000048
000050
000051
000052
000053
000055
000056
000057
000058
000060
000061
000062
000063
000064
000066
000068
000069
000070
000072
000073
000074
000076
000077
000078
000080
000081
000082
000084
000085
000086
000087
000088
000090
000091
000092
000093
000094
000095
000096
000098
000099
000100
000328
000330
000331
000332
000333
000334
000335
000336
000337
000338
000339
000340
000341
000342
000343
000344
000345
000346
000347
000348
000349
000350
000351
000352
000353
000354
000355
000356
000357
000358
000359
000360
000361
000362
000363
000364
000365
000366
000367
000368
000369
000370
000371
000372
000373
000374
000375
000376
000377
000378
000379
000380
000381
000382
000383
000384
000385
000386
000387
000388
000389
000390
000391
000392
000393
000394
000395
000396
000397
000398
000399
000400
000401
000402
000403
000404
000406
000499
000500
000501
000502
000503
000504
000505
000506
000507
000508
000509
000510
000511
000512
000513
000515
000516
000517
000518
000519
000520
000521
000522
000523
000524
000525
000526
000527
000528
000529
000530
000532
000533
000534
000535
000536
000537
000538
000539
000540
000541
000542
000543
000544
000545
000546
000547
000548
000549
000550
000551
000552
000553
000554
000555
000556
000600
000601
000602
000604
000606
000607
000608
000609
000610
000611
000612
000613
000614
000615
000616
000617
000618
000619
000620
000621
000622
000623
000624
000625
000626
000627
000628
000629
000630
000631
000633
000635
000636
000637
000638
000639
000640
000641
000642
000644
000645
000646
000647
000648
000649
000650
000651
000652
000653
000654
000655
000656
000657
000658
000659
000660
000661
000662
000663
000664
000665
000666
000667
000668
000669
000670
000671
000672
000704
000705
000706
000707
000709
000710
000711
000712
000713
000714
000715
000717
000718
000719
000736
000737
000738
000739
